-0.081
-0.082
-0.083
-0.084
-0.085
-0.086
-0.087
-0.088
-0.089
-0.09
-0.091
-0.092
-0.093
-0.094
-0.095
-0.096
-0.097
-0.098
-0.099
-0.1
-0.101
-0.102
-0.103
-0.104
-0.105
-0.106
-0.107
-0.108
-0.109
-0.11
-0.111
-0.112
-0.113
-0.114
-0.115
-0.116
-0.117
-0.118
-0.119
-0.12
-0.121
-0.122
-0.123
-0.124
-0.125
-0.126
-0.127
-0.128
-0.129
-0.13
-0.131
-0.132
-0.133
-0.134
-0.135
-0.136
-0.137
-0.138
-0.139
-0.14
-0.141
-0.142
-0.143
-0.144
-0.145
-0.146
-0.147
-0.148
-0.149
-0.15
-0.151
-0.152
-0.153
-0.314
-0.315
-0.325
-0.359
-0.374
-0.395
-0.46
-0.466
-0.488
-0.494
-0.502
-0.526
-0.529
-0.54
-0.543
-0.566
-0.571
-0.573
0.0
0.062
0.088
1.99
